%YAML:1.0
proj_intrinsics: !!opencv-matrix
   rows: 3
   cols: 3
   dt: d
   data: [ 2.5396640762054581e+03, 0., 6.3640476462787524e+02, 0.,
       2.4899585999009682e+03, 5.5575172867566403e+02, 0., 0., 1. ]
proj_distortion: !!opencv-matrix
   rows: 1
   cols: 5
   dt: d
   data: [ 0., 0., 0., 0., 0. ]
R: !!opencv-matrix
   rows: 3
   cols: 3
   dt: d
   data: [ 9.9979519209978429e-01, -5.4289723720394286e-03,
       -1.9496156368350195e-02, 4.2376888093181809e-03,
       9.9815112055741362e-01, -6.0633180054610512e-02,
       1.9789286184976676e-02, 6.0538143256653250e-02,
       9.9796969761778143e-01 ]
T: !!opencv-matrix
   rows: 3
   cols: 1
   dt: d
   data: [ -5.0770724205342413e-02, 3.4035797577915788e-01,
       8.1657368833477517e-02 ]
proj_size: !!opencv-matrix
   rows: 1
   cols: 2
   dt: i
   data: [ 1280, 1024 ]
